   1.0000000e+00   8.8758367e+00   1.0000000e+00   6.9129087e+00
   2.0000000e+00   1.1025642e+01   1.0000000e+00   1.0839350e+01
   3.0000000e+00   9.4613547e+00   1.0000000e+00   1.0894930e+01
   4.0000000e+00   1.1930201e+01   1.0000000e+00   1.0955416e+01
   5.0000000e+00   1.0890642e+01   1.0000000e+00   1.0969890e+01
   6.0000000e+00   1.1013423e+01   1.0000000e+00   1.0984813e+01
   7.0000000e+00   1.0606074e+01   1.0000000e+00   1.0999915e+01
   8.0000000e+00   1.0526539e+01   1.0000000e+00   1.1016242e+01
   9.0000000e+00   1.1538829e+01   1.0000000e+00   1.1029860e+01
   1.0000000e+01   9.0908399e+00   1.0000000e+00   1.1042747e+01
   1.1000000e+01   1.1065979e+01   1.0000000e+00   1.1070374e+01
   1.2000000e+01   9.9109271e+00   1.0000000e+00   1.1077190e+01
   1.3000000e+01   9.0996274e+00   1.0000000e+00   1.1094999e+01
   1.4000000e+01   9.4370599e+00   1.0000000e+00   1.1117991e+01
   1.5000000e+01   8.6660288e+00   1.0000000e+00   1.1135708e+01
   1.6000000e+01   9.9460695e+00   1.0000000e+00   1.1154470e+01
   1.7000000e+01   1.1590625e+01   1.0000000e+00   1.1149743e+01
   1.8000000e+01   1.1636832e+01   1.0000000e+00   1.1136811e+01
   1.9000000e+01   8.2422573e+00   1.0000000e+00   1.1144831e+01
   2.0000000e+01   1.0018092e+01   1.0000000e+00   1.1152625e+01
   2.1000000e+01   1.0065168e+01   1.0000000e+00   1.1158187e+01
   2.2000000e+01   9.2761318e+00   1.0000000e+00   1.1165849e+01
   2.3000000e+01   1.1946568e+01   1.0000000e+00   1.1154987e+01
   2.4000000e+01   9.0645780e+00   1.0000000e+00   1.1145798e+01
   2.5000000e+01   8.3629316e+00   1.0000000e+00   1.1164855e+01
   2.6000000e+01   1.1791057e+01   1.0000000e+00   1.1176835e+01
   2.7000000e+01   1.0002828e+01   0.0000000e+00   1.1059178e+01
   2.8000000e+01   9.1083272e+00   0.0000000e+00   1.0894936e+01
   2.9000000e+01   1.1655270e+01   0.0000000e+00   1.0614993e+01
   3.0000000e+01   1.0118990e+01   0.0000000e+00   9.8317104e+00
   3.1000000e+01   9.8577833e+00   0.0000000e+00   6.0060516e+00
   3.2000000e+01   1.1763920e+01   0.0000000e+00   5.6246623e+00
   3.3000000e+01   8.2003359e+00   0.0000000e+00   5.4052386e+00
   3.4000000e+01   1.1080818e+01   0.0000000e+00   5.2496791e+00
   3.5000000e+01   1.1311269e+01   0.0000000e+00   5.1168385e+00
   3.6000000e+01   8.5014615e+00   0.0000000e+00   5.0215846e+00
   3.7000000e+01   1.0753821e+01   0.0000000e+00   4.9428188e+00
   3.8000000e+01   1.1472989e+01   0.0000000e+00   4.8527575e+00
   3.9000000e+01   1.0944898e+01   0.0000000e+00   4.7739873e+00
   4.0000000e+01   1.0901648e+01   0.0000000e+00   4.7034443e+00
   4.1000000e+01   1.1997832e+01   0.0000000e+00   4.6344089e+00
   4.2000000e+01   8.9327795e+00   0.0000000e+00   4.5666470e+00
   4.3000000e+01   1.0000000e+01   0.0000000e+00   4.5131990e+00
   4.4000000e+01   1.0000000e+01   0.0000000e+00   4.4607910e+00
   4.5000000e+01   1.0000000e+01   0.0000000e+00   4.4106846e+00
   4.6000000e+01   1.0000000e+01   0.0000000e+00   4.3628042e+00
   4.7000000e+01   1.0000000e+01   0.0000000e+00   4.3169213e+00
   4.8000000e+01   1.0000000e+01   0.0000000e+00   4.2729752e+00
   4.9000000e+01   1.0000000e+01   0.0000000e+00   4.2308931e+00
   5.0000000e+01   1.0000000e+01   0.0000000e+00   4.1905193e+00
   5.1000000e+01   1.0000000e+01   0.0000000e+00   4.1525114e+00
   5.2000000e+01   1.0000000e+01   2.0000000e+00   4.6163761e+00
   5.3000000e+01   1.0000000e+01   2.0000000e+00   5.0180717e+00
   5.4000000e+01   1.0000000e+01   2.0000000e+00   5.5388985e+00
   5.5000000e+01   1.0000000e+01   2.0000000e+00   1.0240425e+01
   5.6000000e+01   1.0000000e+01   2.0000000e+00   1.0864526e+01
   5.7000000e+01   1.0000000e+01   2.0000000e+00   1.1091120e+01
   5.8000000e+01   1.0000000e+01   2.0000000e+00   1.1226228e+01
   5.9000000e+01   1.0000000e+01   2.0000000e+00   1.1319712e+01
   6.0000000e+01   1.0000000e+01   2.0000000e+00   1.1389335e+01
   6.1000000e+01   1.0000000e+01   2.0000000e+00   1.1443597e+01
   6.2000000e+01   1.0000000e+01   2.0000000e+00   1.1487179e+01
   6.3000000e+01   1.0000000e+01   2.0000000e+00   1.1522900e+01
   6.4000000e+01   1.0000000e+01   2.0000000e+00   1.1552685e+01
   6.5000000e+01   1.0000000e+01   2.0000000e+00   1.1577810e+01
   6.6000000e+01   1.0000000e+01   2.0000000e+00   1.1599224e+01
   6.7000000e+01   1.0000000e+01   2.0000000e+00   1.1617614e+01
   6.8000000e+01   1.0000000e+01   2.0000000e+00   1.1633520e+01
   6.9000000e+01   1.0000000e+01   2.0000000e+00   1.1647344e+01
   7.0000000e+01   1.0000000e+01   2.0000000e+00   1.1659397e+01
   7.1000000e+01   1.1967972e+01   2.0000000e+00   1.1669950e+01
   7.2000000e+01   1.1958446e+01   2.0000000e+00   1.1671852e+01
   7.3000000e+01   8.4544710e+00   2.0000000e+00   1.1680913e+01
   7.4000000e+01   8.5539305e+00   2.0000000e+00   1.1697474e+01
   7.5000000e+01   8.6615203e+00   2.0000000e+00   1.1711431e+01
   7.6000000e+01   1.1876000e+01   2.0000000e+00   1.1707143e+01
   7.7000000e+01   9.8496978e+00   0.0000000e+00   1.1631787e+01
   7.8000000e+01   1.1577324e+01   0.0000000e+00   1.1566760e+01
   7.9000000e+01   1.1767325e+01   0.0000000e+00   1.1481169e+01
   8.0000000e+01   1.1903341e+01   0.0000000e+00   1.1380073e+01
   8.1000000e+01   8.4980255e+00   0.0000000e+00   1.1286743e+01
   8.2000000e+01   9.4398900e+00   0.0000000e+00   1.1170642e+01
   8.3000000e+01   8.9842068e+00   0.0000000e+00   1.1046493e+01
   8.4000000e+01   1.1926760e+01   0.0000000e+00   1.0849682e+01
   8.5000000e+01   1.1654656e+01   0.0000000e+00   1.0495365e+01
   8.6000000e+01   1.1209312e+01   0.0000000e+00   6.7484067e+00
   8.7000000e+01   8.0646077e+00   0.0000000e+00   5.7285667e+00
   8.8000000e+01   1.1870577e+01   0.0000000e+00   5.4585866e+00
   8.9000000e+01   1.1999824e+01   0.0000000e+00   5.2251051e+00
   9.0000000e+01   1.1851125e+01   0.0000000e+00   5.0601054e+00
   9.1000000e+01   1.1445149e+01   0.0000000e+00   4.9330044e+00
   9.2000000e+01   1.0838319e+01   0.0000000e+00   4.8299847e+00
   9.3000000e+01   1.0114975e+01   0.0000000e+00   4.7442184e+00
   9.4000000e+01   9.3756515e+00   0.0000000e+00   4.6714920e+00
   9.5000000e+01   8.7231029e+00   0.0000000e+00   4.6087369e+00
   9.6000000e+01   8.2480236e+00   0.0000000e+00   4.5536973e+00
   9.7000000e+01   8.0164423e+00   0.0000000e+00   4.5041161e+00
   9.8000000e+01   8.0605453e+00   0.0000000e+00   4.4579115e+00
   9.9000000e+01   8.3742029e+00   0.0000000e+00   4.4129517e+00
   1.0000000e+02   8.9138215e+00   0.0000000e+00   4.3678861e+00
   1.0100000e+02   9.6044024e+00   0.0000000e+00   4.3225636e+00
   1.0200000e+02   1.0349965e+01   1.0000000e+00   4.5292892e+00
   1.0300000e+02   1.1046888e+01   1.0000000e+00   4.7084388e+00
   1.0400000e+02   1.1598310e+01   1.0000000e+00   4.8637019e+00
   1.0500000e+02   1.1927591e+01   1.0000000e+00   5.0065395e+00
   1.0600000e+02   1.1988966e+01   1.0000000e+00   5.1454768e+00
   1.0700000e+02   1.1773905e+01   1.0000000e+00   5.2896015e+00
   1.0800000e+02   9.5069134e+00   1.0000000e+00   5.4547050e+00
   1.0900000e+02   1.0201434e+01   1.0000000e+00   5.6626516e+00
   1.1000000e+02   1.0871530e+01   1.0000000e+00   5.9764029e+00
   1.1100000e+02   1.1435949e+01   1.0000000e+00   6.6571648e+00
   1.1200000e+02   1.1826253e+01   1.0000000e+00   9.8737914e+00
   1.1300000e+02   1.1995115e+01   1.0000000e+00   1.0221470e+01
   1.1400000e+02   1.1922060e+01   1.0000000e+00   1.0394357e+01
   1.1500000e+02   1.1615947e+01   1.0000000e+00   1.0511031e+01
   1.1600000e+02   1.1113893e+01   1.0000000e+00   1.0605958e+01
   1.1700000e+02   1.0476774e+01   1.0000000e+00   1.0692377e+01
   1.1800000e+02   9.7818439e+00   1.0000000e+00   1.0773979e+01
   1.1900000e+02   9.1133665e+00   1.0000000e+00   1.0850621e+01
   1.2000000e+02   8.5523975e+00   1.0000000e+00   1.0921981e+01
   1.2100000e+02   8.1669569e+00   1.0000000e+00   1.0986594e+01
   1.2200000e+02   8.0037812e+00   1.0000000e+00   1.1043013e+01
   1.2300000e+02   8.0826561e+00   1.0000000e+00   1.1090405e+01
   1.2400000e+02   8.3940177e+00   1.0000000e+00   1.1127514e+01
   1.2500000e+02   8.9001121e+00   1.0000000e+00   1.1154392e+01
   1.2600000e+02   9.5395728e+00   1.0000000e+00   1.1168668e+01
   1.2700000e+02   1.0234863e+01   0.0000000e+00   1.1035535e+01
   1.2800000e+02   1.0901674e+01   0.0000000e+00   1.0841217e+01
   1.2900000e+02   1.1459153e+01   0.0000000e+00   1.0505066e+01
   1.3000000e+02   1.1839704e+01   0.0000000e+00   6.7429637e+00
   1.3100000e+02   8.0260259e+00   0.0000000e+00   5.7589965e+00
   1.3200000e+02   8.0106646e+00   0.0000000e+00   5.4555425e+00
   1.3300000e+02   8.0210258e+00   0.0000000e+00   5.2868104e+00
   1.3400000e+02   8.0063758e+00   0.0000000e+00   5.1566030e+00
   1.3500000e+02   1.1990702e+01   0.0000000e+00   5.0187420e+00
   1.3600000e+02   8.0039746e+00   0.0000000e+00   4.8948736e+00
   1.3700000e+02   8.0564031e+00   0.0000000e+00   4.8214006e+00
   1.3800000e+02   8.1682025e+00   0.0000000e+00   4.7540765e+00
   1.3900000e+02   8.3359577e+00   0.0000000e+00   4.6907599e+00
   1.4000000e+02   8.5545442e+00   0.0000000e+00   4.6305688e+00
   1.4100000e+02   8.8172849e+00   0.0000000e+00   4.5728239e+00
   1.4200000e+02   9.1161540e+00   0.0000000e+00   4.5170203e+00
   1.4300000e+02   9.4420218e+00   0.0000000e+00   4.4627923e+00
   1.4400000e+02   9.7849342e+00   0.0000000e+00   4.4099139e+00
   1.4500000e+02   1.0134416e+01   0.0000000e+00   4.3583246e+00
   1.4600000e+02   1.0479792e+01   0.0000000e+00   4.3080192e+00
   1.4700000e+02   1.0810512e+01   0.0000000e+00   4.2590572e+00
   1.4800000e+02   1.1116473e+01   0.0000000e+00   4.2116089e+00
   1.4900000e+02   1.1388329e+01   0.0000000e+00   4.1658370e+00
   1.5000000e+02   1.1617776e+01   0.0000000e+00   4.1219663e+00
   1.5100000e+02   1.1797806e+01   0.0000000e+00   4.0808567e+00
   1.5200000e+02   1.1922917e+01   2.0000000e+00   4.5737808e+00
   1.5300000e+02   1.1989290e+01   2.0000000e+00   4.9709761e+00
   1.5400000e+02   1.1994895e+01   2.0000000e+00   5.4348147e+00
   1.5500000e+02   1.1939563e+01   2.0000000e+00   9.6200346e+00
   1.5600000e+02   1.1824983e+01   2.0000000e+00   1.0739468e+01
   1.5700000e+02   1.1654656e+01   2.0000000e+00   1.1001298e+01
   1.5800000e+02   1.1433784e+01   2.0000000e+00   1.1150030e+01
   1.5900000e+02   1.1169114e+01   2.0000000e+00   1.1252013e+01
   1.6000000e+02   1.0868731e+01   2.0000000e+00   1.1328667e+01
   1.6100000e+02   1.0541812e+01   2.0000000e+00   1.1389894e+01
   1.6200000e+02   1.0198341e+01   2.0000000e+00   1.1440851e+01
   1.6300000e+02   9.8488121e+00   2.0000000e+00   1.1484551e+01
   1.6400000e+02   9.5039014e+00   2.0000000e+00   1.1522982e+01
   1.6500000e+02   9.1741449e+00   2.0000000e+00   1.1557323e+01
   1.6600000e+02   8.8696158e+00   2.0000000e+00   1.1588421e+01
   1.6700000e+02   8.5996164e+00   2.0000000e+00   1.1616755e+01
   1.6800000e+02   8.3723944e+00   2.0000000e+00   1.1642685e+01
   1.6900000e+02   8.1948908e+00   2.0000000e+00   1.1666351e+01
   1.7000000e+02   8.0725277e+00   2.0000000e+00   1.1687797e+01
   1.7100000e+02   8.0090429e+00   2.0000000e+00   1.1707079e+01
   1.7200000e+02   8.0063758e+00   2.0000000e+00   1.1724139e+01
   1.7300000e+02   8.0646077e+00   2.0000000e+00   1.1738996e+01
   1.7400000e+02   8.1819600e+00   2.0000000e+00   1.1751587e+01
   1.7500000e+02   8.3548477e+00   2.0000000e+00   1.1761917e+01
   1.7600000e+02   8.5779898e+00   2.0000000e+00   1.1769950e+01
   1.7700000e+02   8.8445699e+00   2.0000000e+00   1.1775723e+01
   1.7800000e+02   9.1464449e+00   2.0000000e+00   1.1779237e+01
   1.7900000e+02   9.4743933e+00   2.0000000e+00   1.1780583e+01
   1.8000000e+02   9.8183974e+00   2.0000000e+00   1.1779856e+01
   1.8100000e+02   1.0167949e+01   2.0000000e+00   1.1777210e+01
   1.8200000e+02   1.0512370e+01   2.0000000e+00   1.1772854e+01
   1.8300000e+02   1.0841140e+01   2.0000000e+00   1.1766999e+01
   1.8400000e+02   1.1144216e+01   2.0000000e+00   1.1759938e+01
   1.8500000e+02   1.1412339e+01   2.0000000e+00   1.1751935e+01
   1.8600000e+02   1.1637320e+01   2.0000000e+00   1.1743317e+01
   1.8700000e+02   1.1812285e+01   2.0000000e+00   1.1734396e+01
   1.8800000e+02   1.1931891e+01   2.0000000e+00   1.1725503e+01
   1.8900000e+02   1.1992484e+01   2.0000000e+00   1.1716969e+01
   1.9000000e+02   1.1992212e+01   2.0000000e+00   1.1709106e+01
   1.9100000e+02   1.1931085e+01   2.0000000e+00   1.1702219e+01
   1.9200000e+02   1.1810968e+01   2.0000000e+00   1.1696569e+01
   1.9300000e+02   1.1635533e+01   2.0000000e+00   1.1692386e+01
   1.9400000e+02   1.1410136e+01   2.0000000e+00   1.1689838e+01
   1.9500000e+02   1.1141665e+01   2.0000000e+00   1.1689044e+01
   1.9600000e+02   1.0838319e+01   2.0000000e+00   1.1690051e+01
   1.9700000e+02   1.0509365e+01   2.0000000e+00   1.1692849e+01
   1.9800000e+02   1.0164851e+01   2.0000000e+00   1.1697359e+01
   1.9900000e+02   9.8153019e+00   2.0000000e+00   1.1703450e+01
   2.0000000e+02   9.4713947e+00   2.0000000e+00   1.1711261e+01
   2.0100000e+02   9.1436347e+00   2.0000000e+00   1.1719876e+01
   2.0200000e+02   8.8420340e+00   0.0000000e+00   1.1663642e+01
   2.0300000e+02   8.5758056e+00   0.0000000e+00   1.1603334e+01
   2.0400000e+02   8.3530820e+00   0.0000000e+00   1.1540481e+01
   2.0500000e+02   8.1806667e+00   0.0000000e+00   1.1474236e+01
   2.0600000e+02   8.0638263e+00   0.0000000e+00   1.1403427e+01
   2.0700000e+02   8.0061302e+00   0.0000000e+00   1.1326309e+01
   2.0800000e+02   8.0093406e+00   0.0000000e+00   1.1240385e+01
   2.0900000e+02   8.0733596e+00   0.0000000e+00   1.1141653e+01
   2.1000000e+02   8.1962314e+00   0.0000000e+00   1.1023233e+01
   2.1100000e+02   8.3742029e+00   0.0000000e+00   1.0870719e+01
   2.1200000e+02   8.6018374e+00   0.0000000e+00   1.0650072e+01
   2.1300000e+02   8.8721816e+00   0.0000000e+00   1.0219373e+01
   2.1400000e+02   9.1769771e+00   0.0000000e+00   6.2128768e+00
   2.1500000e+02   9.5069134e+00   0.0000000e+00   5.6340880e+00
   2.1600000e+02   9.8519120e+00   0.0000000e+00   5.3719414e+00
   2.1700000e+02   1.0201434e+01   0.0000000e+00   5.1928620e+00
   2.1800000e+02   1.0544803e+01   0.0000000e+00   5.0527351e+00
   2.1900000e+02   1.0871530e+01   0.0000000e+00   4.9352963e+00
   2.2000000e+02   1.1171635e+01   0.0000000e+00   4.8326940e+00
   2.2100000e+02   1.1435949e+01   0.0000000e+00   4.7407077e+00
   2.2200000e+02   1.1656400e+01   0.0000000e+00   4.6567136e+00
   2.2300000e+02   1.1826253e+01   0.0000000e+00   4.5791919e+00
   2.2400000e+02   1.1940319e+01   0.0000000e+00   4.5070602e+00
   2.2500000e+02   1.1995115e+01   0.0000000e+00   4.4397463e+00
   2.2600000e+02   1.1988966e+01   0.0000000e+00   4.3786324e+00
   2.2700000e+02   1.1922060e+01   1.0000000e+00   4.5606570e+00
   2.2800000e+02   1.1796441e+01   1.0000000e+00   4.7259153e+00
   2.2900000e+02   1.1615947e+01   1.0000000e+00   4.8754060e+00
   2.3000000e+02   1.1386090e+01   1.0000000e+00   5.0191910e+00
   2.3100000e+02   1.1113893e+01   1.0000000e+00   5.1659544e+00
   2.3200000e+02   1.0807669e+01   1.0000000e+00   5.3263373e+00
   2.3300000e+02   1.0476774e+01   1.0000000e+00   5.5177281e+00
   2.3400000e+02   1.0131314e+01   1.0000000e+00   5.7817471e+00
   2.3500000e+02   9.7818439e+00   1.0000000e+00   6.3119879e+00
   2.3600000e+02   9.4390374e+00   1.0000000e+00   9.9571411e+00
   2.3700000e+02   9.1133665e+00   1.0000000e+00   1.0410804e+01
   2.3800000e+02   8.8147796e+00   1.0000000e+00   1.0622357e+01
   2.3900000e+02   8.5523975e+00   1.0000000e+00   1.0760904e+01
   2.4000000e+02   8.3342352e+00   1.0000000e+00   1.0862656e+01
   2.4100000e+02   8.1669569e+00   1.0000000e+00   1.0942560e+01
   2.4200000e+02   8.0556724e+00   1.0000000e+00   1.1007074e+01
   2.4300000e+02   8.0037812e+00   1.0000000e+00   1.1060396e+01
   2.4400000e+02   8.0128682e+00   1.0000000e+00   1.1104566e+01
   2.4500000e+02   8.0826561e+00   1.0000000e+00   1.1141234e+01
   2.4600000e+02   8.2110129e+00   1.0000000e+00   1.1171278e+01
   2.4700000e+02   8.3940177e+00   1.0000000e+00   1.1195428e+01
   2.4800000e+02   8.6260804e+00   1.0000000e+00   1.1214217e+01
   2.4900000e+02   8.9001121e+00   1.0000000e+00   1.1227963e+01
   2.5000000e+02   9.2077419e+00   1.0000000e+00   1.1237132e+01
   2.5100000e+02   9.5395728e+00   1.0000000e+00   1.1240531e+01
   2.5200000e+02   9.8854684e+00   0.0000000e+00   1.1125572e+01
   2.5300000e+02   1.0234863e+01   0.0000000e+00   1.0972607e+01
   2.5400000e+02   1.0577082e+01   0.0000000e+00   1.0752651e+01
   2.5500000e+02   1.0901674e+01   0.0000000e+00   1.0336205e+01
   2.5600000e+02   1.1198722e+01   0.0000000e+00   6.1883883e+00
   2.5700000e+02   1.1459153e+01   0.0000000e+00   5.5664513e+00
   2.5800000e+02   1.1675012e+01   0.0000000e+00   5.2976467e+00
   2.5900000e+02   1.1839704e+01   0.0000000e+00   5.1163849e+00
   2.6000000e+02   1.1948199e+01   0.0000000e+00   4.9758972e+00
   2.6100000e+02   1.1997182e+01   0.0000000e+00   4.8594042e+00
   2.6200000e+02   1.1985157e+01   0.0000000e+00   4.7589217e+00
   2.6300000e+02   1.1912492e+01   0.0000000e+00   4.6700178e+00
   2.6400000e+02   1.1781406e+01   0.0000000e+00   4.5905030e+00
   2.6500000e+02   1.1595904e+01   0.0000000e+00   4.5185317e+00
   2.6600000e+02   1.1361652e+01   0.0000000e+00   4.4526479e+00
   2.6700000e+02   1.1085806e+01   0.0000000e+00   4.3924002e+00
   2.6800000e+02   1.0776791e+01   0.0000000e+00   4.3375137e+00
   2.6900000e+02   1.0444048e+01   0.0000000e+00   4.2864296e+00
   2.7000000e+02   1.0097741e+01   0.0000000e+00   4.2402333e+00
   2.7100000e+02   9.7484476e+00   0.0000000e+00   4.1980715e+00
   2.7200000e+02   9.4068387e+00   0.0000000e+00   4.1596214e+00
   2.7300000e+02   9.0833491e+00   0.0000000e+00   4.1243326e+00
   2.7400000e+02   8.7878603e+00   0.0000000e+00   4.0919025e+00
   2.7500000e+02   8.5293987e+00   0.0000000e+00   4.0619722e+00
   2.7600000e+02   8.3158594e+00   0.0000000e+00   4.0340873e+00
   2.7700000e+02   8.1537654e+00   2.0000000e+00   4.5720907e+00
   2.7800000e+02   8.0480682e+00   2.0000000e+00   5.0156484e+00
   2.7900000e+02   8.0019965e+00   2.0000000e+00   5.6327656e+00
   2.8000000e+02   8.0169577e+00   2.0000000e+00   1.0505981e+01
   2.8100000e+02   8.0924947e+00   2.0000000e+00   1.0971930e+01
   2.8200000e+02   8.2263001e+00   2.0000000e+00   1.1174980e+01
   2.8300000e+02   8.4142866e+00   2.0000000e+00   1.1300756e+01
   2.8400000e+02   8.6507118e+00   2.0000000e+00   1.1388434e+01
   2.8500000e+02   8.9283535e+00   2.0000000e+00   1.1453147e+01
   2.8600000e+02   9.2387308e+00   2.0000000e+00   1.1502346e+01
   2.8700000e+02   9.5723625e+00   2.0000000e+00   1.1540138e+01
   2.8800000e+02   9.9190572e+00   2.0000000e+00   1.1569437e+01
   2.8900000e+02   1.0268224e+01   2.0000000e+00   1.1591724e+01
   2.9000000e+02   1.0609198e+01   2.0000000e+00   1.1608478e+01
   2.9100000e+02   1.0931563e+01   2.0000000e+00   1.1620661e+01
   2.9200000e+02   1.1225471e+01   2.0000000e+00   1.1629274e+01
   2.9300000e+02   1.1481945e+01   2.0000000e+00   1.1635012e+01
   2.9400000e+02   1.1693150e+01   2.0000000e+00   1.1638562e+01
   2.9500000e+02   1.1852635e+01   2.0000000e+00   1.1640503e+01
   2.9600000e+02   1.1955527e+01   2.0000000e+00   1.1641366e+01
   2.9700000e+02   1.1998684e+01   2.0000000e+00   1.1641673e+01
   2.9800000e+02   1.1980787e+01   2.0000000e+00   1.1641816e+01
   2.9900000e+02   1.1902384e+01   2.0000000e+00   1.1642267e+01
   3.0000000e+02   1.1765868e+01   2.0000000e+00   1.1643275e+01
   3.0100000e+02   1.1575410e+01   2.0000000e+00   1.1644870e+01
   3.0200000e+02   1.1336829e+01   1.0000000e+00   1.1610172e+01
   3.0300000e+02   1.1057412e+01   1.0000000e+00   1.1577041e+01
   3.0400000e+02   1.0745694e+01   1.0000000e+00   1.1546976e+01
   3.0500000e+02   1.0411197e+01   1.0000000e+00   1.1520148e+01
   3.0600000e+02   1.0064139e+01   1.0000000e+00   1.1496918e+01
   3.0700000e+02   9.7151224e+00   1.0000000e+00   1.1477460e+01
   3.0800000e+02   9.3748078e+00   1.0000000e+00   1.1461948e+01
   3.0900000e+02   9.0535908e+00   1.0000000e+00   1.1449469e+01
   3.1000000e+02   8.7612837e+00   1.0000000e+00   1.1440705e+01
   3.1100000e+02   8.5068156e+00   1.0000000e+00   1.1434925e+01
   3.1200000e+02   8.2979597e+00   1.0000000e+00   1.1431601e+01
   3.1300000e+02   8.1410959e+00   1.0000000e+00   1.1430062e+01
   3.1400000e+02   8.0410159e+00   1.0000000e+00   1.1429711e+01
   3.1500000e+02   8.0007768e+00   1.0000000e+00   1.1429955e+01
   3.1600000e+02   8.0216078e+00   1.0000000e+00   1.1430249e+01
   3.1700000e+02   8.1028726e+00   1.0000000e+00   1.1430078e+01
   3.1800000e+02   8.2420888e+00   1.0000000e+00   1.1429019e+01
   3.1900000e+02   8.4350038e+00   1.0000000e+00   1.1426640e+01
   3.2000000e+02   8.6757246e+00   1.0000000e+00   1.1422598e+01
   3.2100000e+02   8.9568980e+00   1.0000000e+00   1.1416631e+01
   3.2200000e+02   9.2699349e+00   1.0000000e+00   1.1408529e+01
   3.2300000e+02   9.6052730e+00   1.0000000e+00   1.1398207e+01
   3.2400000e+02   9.9526689e+00   1.0000000e+00   1.1385616e+01
   3.2500000e+02   1.0301511e+01   1.0000000e+00   1.1370807e+01
   3.2600000e+02   1.0641142e+01   1.0000000e+00   1.1353878e+01
   3.2700000e+02   1.0961189e+01   1.0000000e+00   1.1335013e+01
   3.2800000e+02   1.1251874e+01   1.0000000e+00   1.1314459e+01
   3.2900000e+02   1.1504318e+01   1.0000000e+00   1.1292548e+01
   3.3000000e+02   1.1710810e+01   1.0000000e+00   1.1269686e+01
   3.3100000e+02   1.1865042e+01   1.0000000e+00   1.1246354e+01
   3.3200000e+02   1.1962303e+01   1.0000000e+00   1.1223142e+01
   3.3300000e+02   1.1999621e+01   1.0000000e+00   1.1200656e+01
   3.3400000e+02   1.1975857e+01   1.0000000e+00   1.1179588e+01
   3.3500000e+02   1.1891737e+01   1.0000000e+00   1.1160586e+01
   3.3600000e+02   1.1749830e+01   1.0000000e+00   1.1144297e+01
   3.3700000e+02   1.1554471e+01   1.0000000e+00   1.1131301e+01
   3.3800000e+02   1.1311628e+01   1.0000000e+00   1.1122050e+01
   3.3900000e+02   1.1028719e+01   1.0000000e+00   1.1116898e+01
   3.4000000e+02   1.0714385e+01   1.0000000e+00   1.1115983e+01
   3.4100000e+02   1.0378229e+01   1.0000000e+00   1.1119279e+01
   3.4200000e+02   1.0030520e+01   1.0000000e+00   1.1126546e+01
   3.4300000e+02   9.6818778e+00   1.0000000e+00   1.1137365e+01
   3.4400000e+02   9.3429536e+00   1.0000000e+00   1.1151184e+01
   3.4500000e+02   9.0241001e+00   1.0000000e+00   1.1167344e+01
   3.4600000e+02   8.7350574e+00   1.0000000e+00   1.1185155e+01
   3.4700000e+02   8.4846547e+00   1.0000000e+00   1.1203918e+01
   3.4800000e+02   8.2805412e+00   1.0000000e+00   1.1222968e+01
   3.4900000e+02   8.1289519e+00   1.0000000e+00   1.1241691e+01
   3.5000000e+02   8.0345174e+00   1.0000000e+00   1.1259479e+01
   3.5100000e+02   8.0001223e+00   1.0000000e+00   1.1274870e+01
   3.5200000e+02   8.0268172e+00   0.0000000e+00   1.1185657e+01
   3.5300000e+02   8.1137869e+00   0.0000000e+00   1.1076799e+01
   3.5400000e+02   8.2583746e+00   0.0000000e+00   1.0940935e+01
   3.5500000e+02   8.4561635e+00   0.0000000e+00   1.0755604e+01
   3.5600000e+02   8.7011119e+00   0.0000000e+00   1.0450668e+01
   3.5700000e+02   8.9857374e+00   0.0000000e+00   8.9869748e+00
   3.5800000e+02   9.3013454e+00   0.0000000e+00   5.8036242e+00
   3.5900000e+02   9.6382952e+00   0.0000000e+00   5.4688631e+00
   3.6000000e+02   9.9862940e+00   0.0000000e+00   5.2636274e+00
   3.6100000e+02   1.0334711e+01   0.0000000e+00   5.1101699e+00
   3.6200000e+02   1.0672904e+01   0.0000000e+00   4.9846128e+00
   3.6300000e+02   1.0990542e+01   0.0000000e+00   4.8765857e+00
   3.6400000e+02   8.2722377e+00   0.0000000e+00   4.7806239e+00
   3.6500000e+02   8.1410959e+00   0.0000000e+00   4.7134344e+00
   3.6600000e+02   8.0517011e+00   0.0000000e+00   4.6544953e+00
   3.6700000e+02   1.1961353e+01   0.0000000e+00   4.5839299e+00
   3.6800000e+02   1.1897268e+01   0.0000000e+00   4.5107717e+00
   3.6900000e+02   1.1803577e+01   0.0000000e+00   4.4439210e+00
   3.7000000e+02   1.1681741e+01   0.0000000e+00   4.3823296e+00
   3.7100000e+02   8.7129237e+00   0.0000000e+00   4.3280611e+00
   3.7200000e+02   8.8721816e+00   0.0000000e+00   4.2867194e+00
   3.7300000e+02   9.0427082e+00   0.0000000e+00   4.2460307e+00
   3.7400000e+02   9.2227997e+00   0.0000000e+00   4.2064165e+00
   3.7500000e+02   9.4106568e+00   0.0000000e+00   4.1679908e+00
   3.7600000e+02   9.6044024e+00   0.0000000e+00   4.1310511e+00
   3.7700000e+02   9.8021007e+00   2.0000000e+00   4.6231526e+00
   3.7800000e+02   1.0001776e+01   2.0000000e+00   5.0451776e+00
   3.7900000e+02   1.0201434e+01   2.0000000e+00   5.6177152e+00
   3.8000000e+02   1.0399079e+01   2.0000000e+00   1.0374567e+01
   3.8100000e+02   1.0592737e+01   2.0000000e+00   1.0887372e+01
   3.8200000e+02   1.0780472e+01   2.0000000e+00   1.1094262e+01
   3.8300000e+02   1.0960410e+01   2.0000000e+00   1.1218803e+01
   3.8400000e+02   1.1130751e+01   2.0000000e+00   1.1304295e+01
   3.8500000e+02   1.1289793e+01   2.0000000e+00   1.1366943e+01
   3.8600000e+02   1.1435949e+01   2.0000000e+00   1.1414712e+01
   3.8700000e+02   1.1567757e+01   2.0000000e+00   1.1452040e+01
   3.8800000e+02   1.1683901e+01   2.0000000e+00   1.1481754e+01
   3.8900000e+02   1.1783220e+01   2.0000000e+00   1.1505713e+01
   3.9000000e+02   1.1864721e+01   2.0000000e+00   1.1525240e+01
   3.9100000e+02   1.1927591e+01   2.0000000e+00   1.1541341e+01
   3.9200000e+02   1.1971201e+01   2.0000000e+00   1.1554746e+01
   3.9300000e+02   1.1995115e+01   2.0000000e+00   1.1566065e+01
   3.9400000e+02   1.1999095e+01   2.0000000e+00   1.1575771e+01
   3.9500000e+02   1.1983100e+01   2.0000000e+00   1.1584218e+01
   3.9600000e+02   1.1947291e+01   2.0000000e+00   1.1591739e+01
   3.9700000e+02   1.1892025e+01   2.0000000e+00   1.1598571e+01
   3.9800000e+02   1.1817855e+01   2.0000000e+00   1.1604949e+01
   3.9900000e+02   1.1725521e+01   2.0000000e+00   1.1611047e+01
   4.0000000e+02   1.1615947e+01   2.0000000e+00   1.1617023e+01
   4.0100000e+02   1.1490226e+01   2.0000000e+00   1.1622428e+01
   4.0200000e+02   1.1349616e+01   0.0000000e+00   1.1544402e+01
   4.0300000e+02   1.1195521e+01   0.0000000e+00   1.1456383e+01
   4.0400000e+02   1.1029480e+01   0.0000000e+00   1.1358852e+01
   4.0500000e+02   1.0853154e+01   0.0000000e+00   1.1248157e+01
   4.0600000e+02   1.0668302e+01   0.0000000e+00   1.1117767e+01
   4.0700000e+02   1.0476774e+01   0.0000000e+00   1.0954768e+01
   4.0800000e+02   1.0280481e+01   0.0000000e+00   1.0727584e+01
   4.0900000e+02   1.0081387e+01   0.0000000e+00   1.0313042e+01
   4.1000000e+02   9.8814785e+00   0.0000000e+00   6.2739735e+00
   4.1100000e+02   9.6827547e+00   0.0000000e+00   5.6371476e+00
   4.1200000e+02   9.4872007e+00   0.0000000e+00   5.3765233e+00
   4.1300000e+02   9.2967704e+00   0.0000000e+00   5.2058910e+00
   4.1400000e+02   9.1133665e+00   0.0000000e+00   5.0769086e+00
   4.1500000e+02   8.9388216e+00   0.0000000e+00   4.9720335e+00
   4.1600000e+02   8.7748797e+00   0.0000000e+00   4.8829556e+00
   4.1700000e+02   8.6231787e+00   0.0000000e+00   4.8049648e+00
   4.1800000e+02   8.4852345e+00   0.0000000e+00   4.7352498e+00
   4.1900000e+02   8.3624254e+00   0.0000000e+00   4.6720232e+00
   4.2000000e+02   8.2559783e+00   0.0000000e+00   4.6139248e+00
   4.2100000e+02   8.1669569e+00   0.0000000e+00   4.5601047e+00
   4.2200000e+02   8.0962507e+00   0.0000000e+00   4.5097798e+00
   4.2300000e+02   8.0445661e+00   0.0000000e+00   4.4624453e+00
   4.2400000e+02   8.0124196e+00   0.0000000e+00   4.4176315e+00
   4.2500000e+02   8.0001323e+00   0.0000000e+00   4.3753955e+00
   4.2600000e+02   8.0078270e+00   0.0000000e+00   4.3357797e+00
   4.2700000e+02   8.0354269e+00   1.0000000e+00   4.5527451e+00
   4.2800000e+02   8.0826561e+00   1.0000000e+00   4.7497326e+00
   4.2900000e+02   8.1490428e+00   1.0000000e+00   4.9337128e+00
   4.3000000e+02   8.2339236e+00   1.0000000e+00   5.1205762e+00
   4.3100000e+02   8.3364505e+00   1.0000000e+00   5.3278876e+00
   4.3200000e+02   8.4555990e+00   1.0000000e+00   5.5883388e+00
   4.3300000e+02   8.5901787e+00   1.0000000e+00   6.0143524e+00
   4.3400000e+02   8.7388449e+00   1.0000000e+00   9.7003250e+00
   4.3500000e+02   8.9001121e+00   1.0000000e+00   1.0372484e+01
   4.3600000e+02   9.0723690e+00   1.0000000e+00   1.0602049e+01
   4.3700000e+02   9.2538945e+00   1.0000000e+00   1.0735586e+01
   4.3800000e+02   9.4428748e+00   1.0000000e+00   1.0825456e+01
   4.3900000e+02   9.6374217e+00   1.0000000e+00   1.0889979e+01
   4.4000000e+02   9.8355914e+00   1.0000000e+00   1.0937880e+01
   4.4100000e+02   1.0035404e+01   1.0000000e+00   1.0973920e+01
   4.4200000e+02   1.0234863e+01   1.0000000e+00   1.1001046e+01
   4.4300000e+02   1.0431975e+01   1.0000000e+00   1.1021213e+01
   4.4400000e+02   1.0624770e+01   1.0000000e+00   1.1035783e+01
   4.4500000e+02   1.0811324e+01   1.0000000e+00   1.1045785e+01
   4.4600000e+02   1.0989771e+01   1.0000000e+00   1.1051997e+01
   4.4700000e+02   1.1158328e+01   1.0000000e+00   1.1055059e+01
   4.4800000e+02   1.1315312e+01   1.0000000e+00   1.1055499e+01
   4.4900000e+02   1.1459153e+01   1.0000000e+00   1.1053773e+01
   4.5000000e+02   1.1588416e+01   1.0000000e+00   1.1050298e+01
   4.5100000e+02   1.1701807e+01   1.0000000e+00   1.1045434e+01
   4.5200000e+02   1.1798194e+01   1.0000000e+00   1.1039547e+01
   4.5300000e+02   1.1876615e+01   1.0000000e+00   1.1032947e+01
   4.5400000e+02   1.1936285e+01   1.0000000e+00   1.1025977e+01
   4.5500000e+02   1.1976608e+01   1.0000000e+00   1.1018913e+01
   4.5600000e+02   1.1997182e+01   1.0000000e+00   1.1012079e+01
   4.5700000e+02   1.0699903e+01   1.0000000e+00   1.1005724e+01
   4.5800000e+02   1.0557552e+01   1.0000000e+00   1.1011063e+01
   4.5900000e+02   8.4224034e+00   1.0000000e+00   1.1034370e+01
   4.6000000e+02   8.3629354e+00   1.0000000e+00   1.1076954e+01
   4.6100000e+02   8.3075592e+00   1.0000000e+00   1.1113987e+01
   4.6200000e+02   8.2564132e+00   1.0000000e+00   1.1146209e+01
   4.6300000e+02   8.2096253e+00   1.0000000e+00   1.1174484e+01
   4.6400000e+02   8.1673123e+00   1.0000000e+00   1.1199474e+01
   4.6500000e+02   8.1295802e+00   1.0000000e+00   1.1221697e+01
   4.6600000e+02   8.0965231e+00   1.0000000e+00   1.1241561e+01
   4.6700000e+02   8.0682237e+00   1.0000000e+00   1.1259395e+01
   4.6800000e+02   8.0447527e+00   1.0000000e+00   1.1275480e+01
   4.6900000e+02   8.0261689e+00   1.0000000e+00   1.1289965e+01
   4.7000000e+02   8.0125186e+00   1.0000000e+00   1.1303063e+01
   4.7100000e+02   8.0038359e+00   1.0000000e+00   1.1314869e+01
   4.7200000e+02   8.0001427e+00   1.0000000e+00   1.1325534e+01
   4.7300000e+02   8.0014480e+00   1.0000000e+00   1.1335121e+01
   4.7400000e+02   8.0077487e+00   1.0000000e+00   1.1343738e+01
   4.7500000e+02   8.0190290e+00   1.0000000e+00   1.1351403e+01
   4.7600000e+02   8.0352606e+00   1.0000000e+00   1.1357325e+01
   4.7700000e+02   8.0564031e+00   0.0000000e+00   1.1278426e+01
   4.7800000e+02   8.0824036e+00   0.0000000e+00   1.1185364e+01
   4.7900000e+02   8.1131970e+00   0.0000000e+00   1.1075767e+01
   4.8000000e+02   8.1487065e+00   0.0000000e+00   1.0940511e+01
   4.8100000e+02   8.1888433e+00   0.0000000e+00   1.0759755e+01
   4.8200000e+02   8.2335070e+00   0.0000000e+00   1.0474957e+01
   4.8300000e+02   8.2825860e+00   0.0000000e+00   9.6106673e+00
   4.8400000e+02   8.3359577e+00   0.0000000e+00   5.9090595e+00
   4.8500000e+02   8.3934885e+00   0.0000000e+00   5.5494936e+00
   4.8600000e+02   8.4550349e+00   0.0000000e+00   5.3427043e+00
   4.8700000e+02   8.5204428e+00   0.0000000e+00   5.1931710e+00
   4.8800000e+02   8.5895489e+00   0.0000000e+00   5.0738890e+00
   4.8900000e+02   8.6621804e+00   0.0000000e+00   4.9732479e+00
   4.9000000e+02   8.7381557e+00   0.0000000e+00   4.8852669e+00
   4.9100000e+02   8.8172849e+00   0.0000000e+00   4.8064175e+00
   4.9200000e+02   8.8993704e+00   0.0000000e+00   4.7344816e+00
   4.9300000e+02   8.9842068e+00   0.0000000e+00   4.6679571e+00
   4.9400000e+02   9.0715822e+00   0.0000000e+00   4.6058121e+00
   4.9500000e+02   9.1612782e+00   0.0000000e+00   4.5472914e+00
   4.9600000e+02   9.2530705e+00   0.0000000e+00   4.4918588e+00
   4.9700000e+02   9.3467297e+00   0.0000000e+00   4.4391051e+00
   4.9800000e+02   9.4420218e+00   0.0000000e+00   4.3887452e+00
   4.9900000e+02   9.5387086e+00   0.0000000e+00   4.3405582e+00
   5.0000000e+02   9.6365483e+00   0.0000000e+00   4.2942788e+00
   5.0100000e+02   9.7352965e+00   0.0000000e+00   4.2499818e+00
   5.0200000e+02   9.8347063e+00   2.0000000e+00   4.7043000e+00
   5.0300000e+02   9.9345292e+00   2.0000000e+00   5.1322210e+00
   5.0400000e+02   1.0034516e+01   2.0000000e+00   5.8183428e+00
   5.0500000e+02   1.0134416e+01   2.0000000e+00   1.0551681e+01
   5.0600000e+02   1.0233980e+01   2.0000000e+00   1.0949073e+01
   5.0700000e+02   1.0332960e+01   2.0000000e+00   1.1134686e+01
   5.0800000e+02   1.0431107e+01   2.0000000e+00   1.1251409e+01
   5.0900000e+02   1.0528177e+01   2.0000000e+00   1.1333651e+01
   5.1000000e+02   1.0623927e+01   2.0000000e+00   1.1395129e+01
   5.1100000e+02   1.0718117e+01   2.0000000e+00   1.1442827e+01
   5.1200000e+02   1.0810512e+01   2.0000000e+00   1.1480700e+01
   5.1300000e+02   1.0900881e+01   2.0000000e+00   1.1511262e+01
   5.1400000e+02   1.0988999e+01   2.0000000e+00   1.1536194e+01
   5.1500000e+02   1.1074644e+01   2.0000000e+00   1.1556679e+01
   5.1600000e+02   1.1157604e+01   2.0000000e+00   1.1573595e+01
   5.1700000e+02   1.1237670e+01   2.0000000e+00   1.1587585e+01
   5.1800000e+02   1.1314643e+01   2.0000000e+00   1.1599169e+01
   5.1900000e+02   1.1388329e+01   2.0000000e+00   1.1608750e+01
   5.2000000e+02   1.1458546e+01   2.0000000e+00   1.1616623e+01
   5.2100000e+02   1.1525117e+01   2.0000000e+00   1.1623074e+01
   5.2200000e+02   1.1587876e+01   2.0000000e+00   1.1628297e+01
   5.2300000e+02   1.1646666e+01   2.0000000e+00   1.1632496e+01
   5.2400000e+02   1.1701340e+01   2.0000000e+00   1.1635822e+01
   5.2500000e+02   1.1751762e+01   2.0000000e+00   1.1638418e+01
   5.2600000e+02   1.1797806e+01   2.0000000e+00   1.1639650e+01
   5.2700000e+02   1.1839355e+01   1.0000000e+00   1.1602698e+01
   5.2800000e+02   1.1876308e+01   1.0000000e+00   1.1565321e+01
   5.2900000e+02   1.1908570e+01   1.0000000e+00   1.1528705e+01
   5.3000000e+02   1.1936062e+01   1.0000000e+00   1.1492882e+01
   5.3100000e+02   1.1958715e+01   1.0000000e+00   1.1458040e+01
   5.3200000e+02   1.1976472e+01   1.0000000e+00   1.1424281e+01
   5.3300000e+02   1.1989290e+01   1.0000000e+00   1.1391646e+01
   5.3400000e+02   1.1997134e+01   1.0000000e+00   1.1360258e+01
   5.3500000e+02   1.1999987e+01   1.0000000e+00   1.1330332e+01
   5.3600000e+02   1.1997842e+01   1.0000000e+00   1.1301928e+01
   5.3700000e+02   1.1990702e+01   1.0000000e+00   1.1275078e+01
   5.3800000e+02   1.1978587e+01   1.0000000e+00   1.1249825e+01
   5.3900000e+02   1.1961526e+01   1.0000000e+00   1.1226117e+01
   5.4000000e+02   1.1939563e+01   1.0000000e+00   1.1204057e+01
   5.4100000e+02   1.1912752e+01   1.0000000e+00   1.1183604e+01
   5.4200000e+02   1.1881160e+01   1.0000000e+00   1.1164859e+01
   5.4300000e+02   1.1844866e+01   1.0000000e+00   1.1147788e+01
   5.4400000e+02   1.1803960e+01   1.0000000e+00   1.1132433e+01
   5.4500000e+02   1.1758546e+01   1.0000000e+00   1.1118763e+01
   5.4600000e+02   1.1708736e+01   1.0000000e+00   1.1106789e+01
   5.4700000e+02   1.1654656e+01   1.0000000e+00   1.1096463e+01
   5.4800000e+02   1.1596439e+01   1.0000000e+00   1.1087764e+01
   5.4900000e+02   1.1534233e+01   1.0000000e+00   1.1080626e+01
   5.5000000e+02   1.1468191e+01   1.0000000e+00   1.1075008e+01
   5.5100000e+02   1.1398480e+01   1.0000000e+00   1.1068955e+01
   5.5200000e+02   1.1325273e+01   0.0000000e+00   1.0882750e+01
   5.5300000e+02   1.1248754e+01   0.0000000e+00   1.0581684e+01
   5.5400000e+02   1.1169114e+01   0.0000000e+00   9.5811659e+00
   5.5500000e+02   1.1086551e+01   0.0000000e+00   5.7632371e+00
   5.5600000e+02   1.1001273e+01   0.0000000e+00   5.4140419e+00
   5.5700000e+02   1.0913492e+01   0.0000000e+00   5.2088805e+00
   5.5800000e+02   1.0823428e+01   0.0000000e+00   5.0598505e+00
   5.5900000e+02   1.0731305e+01   0.0000000e+00   4.9398321e+00
   5.6000000e+02   1.0637355e+01   0.0000000e+00   4.8394424e+00
   5.6100000e+02   1.0541812e+01   0.0000000e+00   4.7521258e+00
   5.6200000e+02   1.0444914e+01   0.0000000e+00   4.6745702e+00
   5.6300000e+02   1.0346904e+01   0.0000000e+00   4.6041391e+00
   5.6400000e+02   1.0248028e+01   0.0000000e+00   4.5396440e+00
   5.6500000e+02   1.0148531e+01   0.0000000e+00   4.4798227e+00
   5.6600000e+02   1.0048663e+01   0.0000000e+00   4.4241644e+00
   5.6700000e+02   9.9486734e+00   0.0000000e+00   4.3720165e+00
   5.6800000e+02   9.8488121e+00   0.0000000e+00   4.3231304e+00
   5.6900000e+02   9.7493287e+00   0.0000000e+00   4.2771383e+00
   5.7000000e+02   9.6504719e+00   0.0000000e+00   4.2339108e+00
   5.7100000e+02   9.5524887e+00   0.0000000e+00   4.1932112e+00
   5.7200000e+02   9.4556241e+00   0.0000000e+00   4.1549751e+00
   5.7300000e+02   9.3601201e+00   0.0000000e+00   4.1190283e+00
   5.7400000e+02   9.2662154e+00   0.0000000e+00   4.0853300e+00
   5.7500000e+02   9.1741449e+00   0.0000000e+00   4.0537324e+00
   5.7600000e+02   9.0841386e+00   0.0000000e+00   4.0252742e+00
   5.7700000e+02   8.9964214e+00   2.0000000e+00   4.5602938e+00
   5.7800000e+02   8.9112127e+00   2.0000000e+00   4.9933136e+00
   5.7900000e+02   8.8287253e+00   2.0000000e+00   5.5590161e+00
   5.8000000e+02   8.7491656e+00   2.0000000e+00   1.0384163e+01
   5.8100000e+02   8.6727322e+00   2.0000000e+00   1.0924532e+01
   5.8200000e+02   8.5996164e+00   2.0000000e+00   1.1142017e+01
   5.8300000e+02   8.5300008e+00   2.0000000e+00   1.1275545e+01
   5.8400000e+02   8.4640594e+00   2.0000000e+00   1.1369792e+01
   5.8500000e+02   8.4019570e+00   2.0000000e+00   1.1441230e+01
   5.8600000e+02   8.3438490e+00   2.0000000e+00   1.1497846e+01
   5.8700000e+02   8.2898804e+00   2.0000000e+00   1.1544099e+01
   5.8800000e+02   8.2401863e+00   2.0000000e+00   1.1582675e+01
   5.8900000e+02   8.1948908e+00   2.0000000e+00   1.1615414e+01
   5.9000000e+02   8.1541071e+00   2.0000000e+00   1.1643537e+01
   5.9100000e+02   8.1179372e+00   2.0000000e+00   1.1667947e+01
   5.9200000e+02   8.0864714e+00   2.0000000e+00   1.1689301e+01
   5.9300000e+02   8.0597885e+00   2.0000000e+00   1.1708109e+01
   5.9400000e+02   8.0379551e+00   2.0000000e+00   1.1724746e+01
   5.9500000e+02   8.0210258e+00   2.0000000e+00   1.1739512e+01
   5.9600000e+02   8.0090429e+00   2.0000000e+00   1.1752653e+01
   5.9700000e+02   8.0020364e+00   2.0000000e+00   1.1764362e+01
   5.9800000e+02   8.0000237e+00   2.0000000e+00   1.1774807e+01
   5.9900000e+02   8.0030099e+00   2.0000000e+00   1.1784122e+01
   6.0000000e+02   8.0109876e+00   2.0000000e+00   1.1792423e+01
   6.0100000e+02   8.0239368e+00   2.0000000e+00   1.1799612e+01
   6.0200000e+02   8.0418250e+00   1.0000000e+00   1.1779985e+01
   6.0300000e+02   8.0646077e+00   1.0000000e+00   1.1760351e+01
   6.0400000e+02   8.0922279e+00   1.0000000e+00   1.1741266e+01
   6.0500000e+02   8.1246165e+00   1.0000000e+00   1.1722716e+01
   6.0600000e+02   8.1616926e+00   1.0000000e+00   1.1704680e+01
   6.0700000e+02   8.2033635e+00   1.0000000e+00   1.1687164e+01
   6.0800000e+02   8.2495251e+00   1.0000000e+00   1.1670144e+01
   6.0900000e+02   8.3000619e+00   1.0000000e+00   1.1653578e+01
   6.1000000e+02   8.3548477e+00   1.0000000e+00   1.1637355e+01
   6.1100000e+02   8.4137455e+00   1.0000000e+00   1.1621601e+01
   6.1200000e+02   8.4766081e+00   1.0000000e+00   1.1606136e+01
   6.1300000e+02   8.5432785e+00   1.0000000e+00   1.1591086e+01
   6.1400000e+02   8.6135898e+00   1.0000000e+00   1.1576274e+01
   6.1500000e+02   8.6873665e+00   1.0000000e+00   1.1561897e+01
   6.1600000e+02   8.7644241e+00   1.0000000e+00   1.1547547e+01
   6.1700000e+02   8.8445699e+00   1.0000000e+00   1.1533560e+01
   6.1800000e+02   8.9276037e+00   1.0000000e+00   1.1519819e+01
   6.1900000e+02   9.0133180e+00   1.0000000e+00   1.1506260e+01
   6.2000000e+02   9.1014985e+00   1.0000000e+00   1.1492867e+01
   6.2100000e+02   9.1919247e+00   1.0000000e+00   1.1479560e+01
   6.2200000e+02   9.2843707e+00   1.0000000e+00   1.1466357e+01
   6.2300000e+02   9.3786054e+00   1.0000000e+00   1.1453200e+01
   6.2400000e+02   9.4743933e+00   1.0000000e+00   1.1440101e+01
   6.2500000e+02   9.5714949e+00   1.0000000e+00   1.1427025e+01
   6.2600000e+02   9.6696676e+00   1.0000000e+00   1.1413977e+01
   6.2700000e+02   9.7686659e+00   1.0000000e+00   1.1400935e+01
   6.2800000e+02   9.8682424e+00   1.0000000e+00   1.1387899e+01
   6.2900000e+02   9.9681483e+00   1.0000000e+00   1.1374855e+01
   6.3000000e+02   1.0068134e+01   1.0000000e+00   1.1361804e+01
   6.3100000e+02   1.0167949e+01   1.0000000e+00   1.1348736e+01
   6.3200000e+02   1.0267344e+01   1.0000000e+00   1.1335656e+01
   6.3300000e+02   1.0366071e+01   1.0000000e+00   1.1322557e+01
   6.3400000e+02   9.7664605e+00   1.0000000e+00   1.1309448e+01
   6.3500000e+02   9.7168807e+00   1.0000000e+00   1.1297479e+01
   6.3600000e+02   9.6674779e+00   1.0000000e+00   1.1293552e+01
   6.3700000e+02   1.0000000e+01   1.0000000e+00   1.1287056e+01
   6.3800000e+02   1.0000000e+01   1.0000000e+00   1.1281160e+01
   6.3900000e+02   1.0000000e+01   1.0000000e+00   1.1275771e+01
   6.4000000e+02   1.0000000e+01   1.0000000e+00   1.1270725e+01
   6.4100000e+02   1.0000000e+01   1.0000000e+00   1.1266123e+01
   6.4200000e+02   1.0000000e+01   1.0000000e+00   1.1262284e+01
   6.4300000e+02   1.0000000e+01   1.0000000e+00   1.1257962e+01
   6.4400000e+02   1.0000000e+01   1.0000000e+00   1.1253978e+01
   6.4500000e+02   1.0000000e+01   1.0000000e+00   1.1250322e+01
   6.4600000e+02   1.0000000e+01   1.0000000e+00   1.1246983e+01
   6.4700000e+02   1.0000000e+01   1.0000000e+00   1.1243926e+01
   6.4800000e+02   1.0000000e+01   1.0000000e+00   1.1241148e+01
   6.4900000e+02   1.0000000e+01   1.0000000e+00   1.1238608e+01
   6.5000000e+02   1.0000000e+01   1.0000000e+00   1.1236341e+01
   6.5100000e+02   1.0000000e+01   1.0000000e+00   1.1233419e+01
   6.5200000e+02   1.0000000e+01   0.0000000e+00   1.1113778e+01
   6.5300000e+02   1.0000000e+01   0.0000000e+00   1.0958681e+01
   6.5400000e+02   1.0000000e+01   0.0000000e+00   1.0741849e+01
   6.5500000e+02   1.0000000e+01   0.0000000e+00   1.0352518e+01
   6.5600000e+02   1.0000000e+01   0.0000000e+00   6.3625021e+00
   6.5700000e+02   1.0000000e+01   0.0000000e+00   5.6474961e+00
   6.5800000e+02   1.0000000e+01   0.0000000e+00   5.3736109e+00
   6.5900000e+02   1.0000000e+01   0.0000000e+00   5.1947812e+00
   6.6000000e+02   1.0000000e+01   0.0000000e+00   5.0589290e+00
   6.6100000e+02   1.0000000e+01   0.0000000e+00   4.9474496e+00
   6.6200000e+02   1.0000000e+01   0.0000000e+00   4.8518676e+00
   6.6300000e+02   1.0000000e+01   0.0000000e+00   4.7674118e+00
   6.6400000e+02   1.0000000e+01   0.0000000e+00   4.6912265e+00
   6.6500000e+02   1.0000000e+01   0.0000000e+00   4.6215365e+00
   6.6600000e+02   1.0000000e+01   0.0000000e+00   4.5570131e+00
   6.6700000e+02   1.0000000e+01   0.0000000e+00   4.4968762e+00
   6.6800000e+02   1.0000000e+01   0.0000000e+00   4.4404005e+00
   6.6900000e+02   1.0000000e+01   0.0000000e+00   4.3872187e+00
   6.7000000e+02   1.0000000e+01   0.0000000e+00   4.3369040e+00
   6.7100000e+02   1.0000000e+01   0.0000000e+00   4.2893011e+00
   6.7200000e+02   1.0000000e+01   0.0000000e+00   4.2441446e+00
   6.7300000e+02   8.2248659e+00   0.0000000e+00   4.2013919e+00
   6.7400000e+02   8.2023891e+00   0.0000000e+00   4.1624434e+00
   6.7500000e+02   8.1810357e+00   0.0000000e+00   4.1309633e+00
   6.7600000e+02   8.1608191e+00   0.0000000e+00   4.1011388e+00
   6.7700000e+02   1.1374242e+01   2.0000000e+00   4.5965593e+00
   6.7800000e+02   1.1299901e+01   2.0000000e+00   5.0020438e+00
   6.7900000e+02   1.1222310e+01   2.0000000e+00   5.5032709e+00
   6.8000000e+02   1.1225471e+01   2.0000000e+00   1.0091568e+01
   6.8100000e+02   1.1340458e+01   2.0000000e+00   1.0808229e+01
   6.8200000e+02   1.1447909e+01   2.0000000e+00   1.1042141e+01
   6.8300000e+02   1.1547219e+01   2.0000000e+00   1.1177757e+01
   6.8400000e+02   1.1637830e+01   2.0000000e+00   1.1269658e+01
   6.8500000e+02   1.1719232e+01   2.0000000e+00   1.1336715e+01
   6.8600000e+02   1.1790968e+01   2.0000000e+00   1.1387657e+01
   6.8700000e+02   1.1852635e+01   2.0000000e+00   1.1427558e+01
   6.8800000e+02   9.1935499e+00   2.0000000e+00   1.1474148e+01
   6.8900000e+02   9.3802941e+00   2.0000000e+00   1.1517250e+01
   6.9000000e+02   9.5732302e+00   2.0000000e+00   1.1551706e+01
   6.9100000e+02   9.7704304e+00   2.0000000e+00   1.1579361e+01
   6.9200000e+02   9.9699244e+00   2.0000000e+00   1.1601552e+01
   6.9300000e+02   1.0169719e+01   2.0000000e+00   1.1619279e+01
   6.9400000e+02   1.0367818e+01   2.0000000e+00   1.1633316e+01
   6.9500000e+02   1.0562241e+01   2.0000000e+00   1.1644389e+01
   6.9600000e+02   1.0751047e+01   2.0000000e+00   1.1652913e+01
   6.9700000e+02   1.0932349e+01   2.0000000e+00   1.1659257e+01
   6.9800000e+02   1.1104335e+01   2.0000000e+00   1.1663748e+01
   6.9900000e+02   1.1265287e+01   2.0000000e+00   1.1666710e+01
   7.0000000e+02   1.1413596e+01   2.0000000e+00   1.1668340e+01
   7.0100000e+02   1.1547781e+01   2.0000000e+00   1.1668903e+01
   7.0200000e+02   1.1666502e+01   2.0000000e+00   1.1668667e+01
   7.0300000e+02   1.1768571e+01   2.0000000e+00   1.1667580e+01
   7.0400000e+02   1.1852969e+01   2.0000000e+00   1.1665977e+01
   7.0500000e+02   1.1918853e+01   2.0000000e+00   1.1664023e+01
   7.0600000e+02   1.1965565e+01   2.0000000e+00   1.1661958e+01
   7.0700000e+02   1.1992637e+01   2.0000000e+00   1.1659889e+01
   7.0800000e+02   1.1999799e+01   2.0000000e+00   1.1657972e+01
   7.0900000e+02   1.1986980e+01   2.0000000e+00   1.1656295e+01
   7.1000000e+02   1.1954308e+01   2.0000000e+00   1.1654968e+01
   7.1100000e+02   1.1902109e+01   2.0000000e+00   1.1654056e+01
   7.1200000e+02   1.1830905e+01   2.0000000e+00   1.1653639e+01
   7.1300000e+02   1.1741407e+01   2.0000000e+00   1.1653763e+01
   7.1400000e+02   1.1634510e+01   2.0000000e+00   1.1654484e+01
   7.1500000e+02   1.1511280e+01   2.0000000e+00   1.1655829e+01
   7.1600000e+02   1.1372951e+01   2.0000000e+00   1.1657829e+01
   7.1700000e+02   1.1220904e+01   2.0000000e+00   1.1660488e+01
   7.1800000e+02   1.1056658e+01   2.0000000e+00   1.1663817e+01
   7.1900000e+02   1.0881854e+01   2.0000000e+00   1.1667797e+01
   7.2000000e+02   1.0698238e+01   2.0000000e+00   1.1672418e+01
   7.2100000e+02   1.0507647e+01   2.0000000e+00   1.1677644e+01
   7.2200000e+02   1.0311983e+01   2.0000000e+00   1.1683447e+01
   7.2300000e+02   1.0113202e+01   2.0000000e+00   1.1689782e+01
   7.2400000e+02   9.9132893e+00   2.0000000e+00   1.1696601e+01
   7.2500000e+02   9.7142434e+00   2.0000000e+00   1.1703911e+01
   7.2600000e+02   9.5180526e+00   2.0000000e+00   1.1710065e+01
   7.2700000e+02   9.3266774e+00   1.0000000e+00   1.1685654e+01
   7.2800000e+02   9.1420298e+00   1.0000000e+00   1.1662495e+01
   7.2900000e+02   8.9659547e+00   1.0000000e+00   1.1641384e+01
   7.3000000e+02   8.8002114e+00   1.0000000e+00   1.1622289e+01
   7.3100000e+02   8.6464561e+00   1.0000000e+00   1.1605137e+01
   7.3200000e+02   8.5062249e+00   1.0000000e+00   1.1589831e+01
   7.3300000e+02   8.3809190e+00   1.0000000e+00   1.1576248e+01
   7.3400000e+02   8.2717905e+00   1.0000000e+00   1.1564231e+01
   7.3500000e+02   8.1799296e+00   1.0000000e+00   1.1553609e+01
   7.3600000e+02   8.1062543e+00   1.0000000e+00   1.1544219e+01
   7.3700000e+02   8.0515006e+00   1.0000000e+00   1.1535851e+01
   7.3800000e+02   8.0162158e+00   1.0000000e+00   1.1528352e+01
   7.3900000e+02   8.0007522e+00   1.0000000e+00   1.1521507e+01
   7.4000000e+02   8.0052645e+00   1.0000000e+00   1.1515146e+01
   7.4100000e+02   8.0297075e+00   1.0000000e+00   1.1509080e+01
   7.4200000e+02   8.0738370e+00   1.0000000e+00   1.1503148e+01
   7.4300000e+02   8.1372121e+00   1.0000000e+00   1.1497185e+01
   7.4400000e+02   8.2191995e+00   1.0000000e+00   1.1491050e+01
   7.4500000e+02   8.3189802e+00   1.0000000e+00   1.1484625e+01
   7.4600000e+02   8.4355570e+00   1.0000000e+00   1.1477785e+01
   7.4700000e+02   8.5677652e+00   1.0000000e+00   1.1470436e+01
   7.4800000e+02   8.7142839e+00   1.0000000e+00   1.1462478e+01
   7.4900000e+02   8.8736489e+00   1.0000000e+00   1.1453837e+01
   7.5000000e+02   9.0442682e+00   1.0000000e+00   1.1444445e+01
   7.5100000e+02   9.2244367e+00   1.0000000e+00   1.1432809e+01
   7.5200000e+02   9.4123545e+00   0.0000000e+00   1.1349685e+01
   7.5300000e+02   9.6061438e+00   0.0000000e+00   1.1251653e+01
   7.5400000e+02   9.8038684e+00   0.0000000e+00   1.1134375e+01
   7.5500000e+02   1.0003553e+01   0.0000000e+00   1.0986115e+01
   7.5600000e+02   1.0203201e+01   0.0000000e+00   1.0779579e+01
   7.5700000e+02   1.0400820e+01   0.0000000e+00   1.0417624e+01
   7.5800000e+02   1.0594433e+01   0.0000000e+00   6.4988445e+00
   7.5900000e+02   1.0782108e+01   0.0000000e+00   5.6499016e+00
   7.6000000e+02   1.0961967e+01   0.0000000e+00   5.3572326e+00
   7.6100000e+02   1.1132215e+01   0.0000000e+00   5.1682345e+00
   7.6200000e+02   1.1291151e+01   0.0000000e+00   5.0243425e+00
   7.6300000e+02   1.1437185e+01   0.0000000e+00   4.9059129e+00
   7.6400000e+02   1.1568860e+01   0.0000000e+00   4.8037982e+00
   7.6500000e+02   1.1684859e+01   0.0000000e+00   4.7131213e+00
   7.6600000e+02   1.1784023e+01   0.0000000e+00   4.6309614e+00
   7.6700000e+02   1.1865363e+01   0.0000000e+00   4.5555023e+00
   7.6800000e+02   1.1928064e+01   0.0000000e+00   4.4855502e+00
   7.6900000e+02   1.1971500e+01   0.0000000e+00   4.4203013e+00
   7.7000000e+02   1.1995238e+01   0.0000000e+00   4.3592057e+00
   7.7100000e+02   1.1999040e+01   0.0000000e+00   4.3019185e+00
   7.7200000e+02   1.1982869e+01   0.0000000e+00   4.2481912e+00
   7.7300000e+02   1.1946885e+01   0.0000000e+00   4.1978841e+00
   7.7400000e+02   1.1891449e+01   0.0000000e+00   4.1508766e+00
   7.7500000e+02   1.1817114e+01   0.0000000e+00   4.1069128e+00
   7.7600000e+02   1.1724622e+01   0.0000000e+00   4.0666071e+00
   7.7700000e+02   1.0759215e+01   1.0000000e+00   4.3271339e+00
   7.7800000e+02   1.0522607e+01   1.0000000e+00   4.5388276e+00
   7.7900000e+02   1.0277843e+01   1.0000000e+00   4.7177285e+00
   7.8000000e+02   1.0028744e+01   1.0000000e+00   4.8823377e+00
   7.8100000e+02   9.7791956e+00   1.0000000e+00   5.0450483e+00
   7.8200000e+02   9.5330932e+00   1.0000000e+00   5.2179742e+00
   7.8300000e+02   9.2942767e+00   1.0000000e+00   5.4183954e+00
   7.8400000e+02   9.0664728e+00   1.0000000e+00   5.6859597e+00
   7.8500000e+02   8.8532363e+00   1.0000000e+00   6.1886268e+00
   7.8600000e+02   8.6578946e+00   1.0000000e+00   9.9649087e+00
   7.8700000e+02   8.4834961e+00   1.0000000e+00   1.0448161e+01
   7.8800000e+02   8.3327620e+00   1.0000000e+00   1.0661876e+01
   7.8900000e+02   8.1503914e+00   1.0000000e+00   1.0797658e+01
   7.9000000e+02   8.2848660e+00   1.0000000e+00   1.0893902e+01
   7.9100000e+02   8.4578587e+00   1.0000000e+00   1.0964776e+01
   7.9200000e+02   8.6654847e+00   1.0000000e+00   1.1018599e+01
   7.9300000e+02   8.9030810e+00   1.0000000e+00   1.1059429e+01
   7.9400000e+02   9.1653117e+00   1.0000000e+00   1.1090408e+01
   7.9500000e+02   9.4462877e+00   1.0000000e+00   1.1113115e+01
   7.9600000e+02   9.7396989e+00   1.0000000e+00   1.1129160e+01
   7.9700000e+02   1.0038956e+01   1.0000000e+00   1.1139423e+01
   7.9800000e+02   1.0337338e+01   1.0000000e+00   1.1144830e+01
   7.9900000e+02   1.0628144e+01   1.0000000e+00   1.1146026e+01
   8.0000000e+02   1.0904844e+01   1.0000000e+00   1.1143615e+01
   8.0100000e+02   1.1161222e+01   1.0000000e+00   1.1136420e+01
   8.0200000e+02   1.1391522e+01   0.0000000e+00   1.0973511e+01
   8.0300000e+02   1.1590572e+01   0.0000000e+00   1.0728524e+01
   8.0400000e+02   1.1753901e+01   0.0000000e+00   1.0214460e+01
   8.0500000e+02   1.1244587e+01   0.0000000e+00   5.9896444e+00
   8.0600000e+02   1.0953000e+01   0.0000000e+00   5.5098218e+00
   8.0700000e+02   1.0632302e+01   0.0000000e+00   5.2751524e+00
   8.0800000e+02   1.0292288e+01   0.0000000e+00   5.1153188e+00
   8.0900000e+02   9.9433464e+00   0.0000000e+00   4.9927226e+00
   8.1000000e+02   9.5961352e+00   0.0000000e+00   4.8929910e+00
   8.1100000e+02   9.2612607e+00   0.0000000e+00   4.8085943e+00
   8.1200000e+02   8.9489525e+00   0.0000000e+00   4.7353151e+00
   8.1300000e+02   8.6687506e+00   0.0000000e+00   4.6700890e+00
   8.1400000e+02   8.4292142e+00   0.0000000e+00   4.6111359e+00
   8.1500000e+02   8.2376605e+00   0.0000000e+00   4.5571939e+00
   8.1600000e+02   8.0999409e+00   0.0000000e+00   4.5071045e+00
   8.1700000e+02   8.0202622e+00   0.0000000e+00   4.4601523e+00
   8.1800000e+02   8.0010584e+00   0.0000000e+00   4.4157520e+00
   8.1900000e+02   8.0429161e+00   0.0000000e+00   4.3732887e+00
   8.2000000e+02   8.1445567e+00   0.0000000e+00   4.3324227e+00
   8.2100000e+02   8.3028754e+00   0.0000000e+00   4.2926767e+00
   8.2200000e+02   8.5130360e+00   0.0000000e+00   4.2539643e+00
   8.2300000e+02   8.7686188e+00   0.0000000e+00   4.2159641e+00
   8.2400000e+02   9.0618165e+00   0.0000000e+00   4.1787345e+00
   8.2500000e+02   9.3836728e+00   0.0000000e+00   4.1420144e+00
   8.2600000e+02   9.7243561e+00   0.0000000e+00   4.1062744e+00
   8.2700000e+02   1.0073459e+01   0.0000000e+00   4.0712825e+00
   8.2800000e+02   1.0420319e+01   0.0000000e+00   4.0373629e+00
   8.2900000e+02   1.0754339e+01   0.0000000e+00   4.0046064e+00
   8.3000000e+02   1.1065316e+01   0.0000000e+00   3.9732838e+00
   8.3100000e+02   1.1343751e+01   0.0000000e+00   3.9435295e+00
   8.3200000e+02   1.1581138e+01   0.0000000e+00   3.9155103e+00
   8.3300000e+02   1.1770227e+01   0.0000000e+00   3.8893785e+00
   8.3400000e+02   1.1905241e+01   0.0000000e+00   3.8651361e+00
   8.3500000e+02   9.4173926e+00   0.0000000e+00   3.8432343e+00
   8.3600000e+02   9.0488996e+00   0.0000000e+00   3.8277800e+00
   8.3700000e+02   8.7183240e+00   0.0000000e+00   3.8134809e+00
   8.3800000e+02   8.4388448e+00   0.0000000e+00   3.8005666e+00
   8.3900000e+02   8.2216039e+00   0.0000000e+00   3.7888666e+00
   8.4000000e+02   8.0752620e+00   0.0000000e+00   3.7781320e+00
   8.4100000e+02   8.0056534e+00   0.0000000e+00   3.7682596e+00
   8.4200000e+02   8.0155531e+00   0.0000000e+00   3.7591168e+00
   8.4300000e+02   8.1045664e+00   0.0000000e+00   3.7505735e+00
   8.4400000e+02   8.2691447e+00   0.0000000e+00   3.7425128e+00
   8.4500000e+02   8.5027267e+00   0.0000000e+00   3.7348549e+00
   8.4600000e+02   8.7960003e+00   0.0000000e+00   3.7275833e+00
   8.4700000e+02   9.1372735e+00   0.0000000e+00   3.7206577e+00
   8.4800000e+02   9.5129409e+00   0.0000000e+00   3.7140683e+00
   8.4900000e+02   9.9080259e+00   0.0000000e+00   3.7078145e+00
   8.5000000e+02   1.0306778e+01   0.0000000e+00   3.7018948e+00
   8.5100000e+02   1.0693299e+01   0.0000000e+00   3.6963482e+00
   8.5200000e+02   1.1052181e+01   1.0000000e+00   4.0696417e+00
   8.5300000e+02   1.1369115e+01   1.0000000e+00   4.3437841e+00
   8.5400000e+02   1.1631468e+01   1.0000000e+00   4.5477109e+00
   8.5500000e+02   1.1828779e+01   1.0000000e+00   4.7155776e+00
   8.5600000e+02   1.1953182e+01   1.0000000e+00   4.8641185e+00
   8.5700000e+02   1.1999718e+01   1.0000000e+00   5.0031947e+00
   8.5800000e+02   1.1966531e+01   1.0000000e+00   5.1400446e+00
   8.5900000e+02   1.1854946e+01   1.0000000e+00   5.2818937e+00
   8.6000000e+02   1.1669409e+01   1.0000000e+00   5.4383969e+00
   8.6100000e+02   1.1417318e+01   1.0000000e+00   5.6271074e+00
   8.6200000e+02   1.1108724e+01   1.0000000e+00   5.8920177e+00
   8.6300000e+02   1.0755928e+01   1.0000000e+00   6.4528972e+00
   8.6400000e+02   1.0372995e+01   1.0000000e+00   9.9194048e+00
   8.6500000e+02   9.9751925e+00   1.0000000e+00   1.0348102e+01
   8.6600000e+02   9.5783789e+00   1.0000000e+00   1.0558508e+01
   8.6700000e+02   9.1983740e+00   1.0000000e+00   1.0699246e+01
   8.6800000e+02   8.8503274e+00   1.0000000e+00   1.0805360e+01
   8.6900000e+02   8.5481147e+00   1.0000000e+00   1.0890271e+01
   8.7000000e+02   8.3037840e+00   1.0000000e+00   1.0960793e+01
   8.7100000e+02   8.1270761e+00   1.0000000e+00   1.1020275e+01
   8.7200000e+02   8.0250357e+00   1.0000000e+00   1.1070872e+01
   8.7300000e+02   8.0017310e+00   1.0000000e+00   1.1113701e+01
   8.7400000e+02   8.0580909e+00   1.0000000e+00   1.1149494e+01
   8.7500000e+02   8.1918686e+00   1.0000000e+00   1.1178908e+01
   8.7600000e+02   8.3977308e+00   1.0000000e+00   1.1202242e+01
   8.7700000e+02   8.6674704e+00   1.0000000e+00   1.1219962e+01
   8.7800000e+02   8.9903338e+00   1.0000000e+00   1.1232274e+01
   8.7900000e+02   9.3534494e+00   1.0000000e+00   1.1239543e+01
   8.8000000e+02   9.7423409e+00   1.0000000e+00   1.1242004e+01
   8.8100000e+02   1.0141504e+01   1.0000000e+00   1.1240032e+01
   8.8200000e+02   1.0535027e+01   1.0000000e+00   1.1233964e+01
   8.8300000e+02   1.0907219e+01   1.0000000e+00   1.1224266e+01
   8.8400000e+02   1.1243244e+01   1.0000000e+00   1.1211453e+01
   8.8500000e+02   1.1529704e+01   1.0000000e+00   1.1196127e+01
   8.8600000e+02   1.1755180e+01   1.0000000e+00   1.1179031e+01
   8.8700000e+02   1.1910682e+01   1.0000000e+00   1.1160918e+01
   8.8800000e+02   1.1990011e+01   1.0000000e+00   1.1142746e+01
   8.8900000e+02   1.1990005e+01   1.0000000e+00   1.1125393e+01
   8.9000000e+02   1.1910664e+01   1.0000000e+00   1.1109909e+01
   8.9100000e+02   1.1755151e+01   1.0000000e+00   1.1097166e+01
   8.9200000e+02   1.1529665e+01   1.0000000e+00   1.1088052e+01
   8.9300000e+02   9.2918406e+00   1.0000000e+00   1.1083180e+01
   8.9400000e+02   9.7269953e+00   1.0000000e+00   1.1082978e+01
   8.9500000e+02   1.0175913e+01   1.0000000e+00   1.1087547e+01
   8.9600000e+02   1.0615962e+01   1.0000000e+00   1.1093820e+01
   8.9700000e+02   1.1024960e+01   1.0000000e+00   1.1094047e+01
   8.9800000e+02   1.1382287e+01   1.0000000e+00   1.1090132e+01
   8.9900000e+02   1.1669931e+01   1.0000000e+00   1.1083457e+01
   9.0000000e+02   1.1873391e+01   1.0000000e+00   1.1074222e+01
   9.0100000e+02   1.1982410e+01   1.0000000e+00   1.1063590e+01
   9.0200000e+02   1.1991492e+01   1.0000000e+00   1.1053240e+01
   9.0300000e+02   1.1900179e+01   1.0000000e+00   1.1043878e+01
   9.0400000e+02   1.1713075e+01   1.0000000e+00   1.1037119e+01
   9.0500000e+02   1.1439612e+01   1.0000000e+00   1.1033932e+01
   9.0600000e+02   1.1093575e+01   1.0000000e+00   1.1035759e+01
   9.0700000e+02   1.0692409e+01   1.0000000e+00   1.1042519e+01
   9.0800000e+02   1.0256338e+01   1.0000000e+00   1.1054736e+01
   9.0900000e+02   9.8073442e+00   1.0000000e+00   1.1071452e+01
   9.1000000e+02   9.3680625e+00   1.0000000e+00   1.1092217e+01
   9.1100000e+02   8.9606380e+00   1.0000000e+00   1.1115797e+01
   9.1200000e+02   8.6056096e+00   1.0000000e+00   1.1141268e+01
   9.1300000e+02   8.3208749e+00   1.0000000e+00   1.1167323e+01
   9.1400000e+02   8.1207879e+00   1.0000000e+00   1.1192953e+01
   9.1500000e+02   8.0154353e+00   1.0000000e+00   1.1217129e+01
   9.1600000e+02   8.0101281e+00   1.0000000e+00   1.1238845e+01
   9.1700000e+02   8.1051340e+00   1.0000000e+00   1.1257562e+01
   9.1800000e+02   8.2956634e+00   1.0000000e+00   1.1272545e+01
   9.1900000e+02   1.1966542e+01   1.0000000e+00   1.1283561e+01
   9.2000000e+02   1.1999717e+01   1.0000000e+00   1.1277316e+01
   9.2100000e+02   8.5951844e+00   1.0000000e+00   1.1267741e+01
   9.2200000e+02   8.3687893e+00   1.0000000e+00   1.1278735e+01
   9.2300000e+02   8.1922226e+00   1.0000000e+00   1.1290274e+01
   9.2400000e+02   8.0708779e+00   1.0000000e+00   1.1302075e+01
   9.2500000e+02   8.0084620e+00   1.0000000e+00   1.1313565e+01
   9.2600000e+02   8.0068815e+00   1.0000000e+00   1.1323979e+01
   9.2700000e+02   8.0661845e+00   1.0000000e+00   1.1333129e+01
   9.2800000e+02   8.1845597e+00   1.0000000e+00   1.1340444e+01
   9.2900000e+02   8.3583910e+00   1.0000000e+00   1.1345754e+01
   9.3000000e+02   8.5823684e+00   1.0000000e+00   1.1348948e+01
   9.3100000e+02   8.8496501e+00   1.0000000e+00   1.1349335e+01
   9.3200000e+02   9.1520715e+00   1.0000000e+00   1.1347398e+01
   9.3300000e+02   9.4803944e+00   1.0000000e+00   1.1342834e+01
   9.3400000e+02   9.8245897e+00   1.0000000e+00   1.1335594e+01
   9.3500000e+02   1.0174143e+01   1.0000000e+00   1.1325713e+01
   9.3600000e+02   1.0518377e+01   1.0000000e+00   1.1313230e+01
   9.3700000e+02   1.0846776e+01   1.0000000e+00   1.1298409e+01
   9.3800000e+02   1.1149309e+01   1.0000000e+00   1.1281430e+01
   9.3900000e+02   1.1416734e+01   1.0000000e+00   1.1262714e+01
   9.4000000e+02   1.1640882e+01   1.0000000e+00   1.1242614e+01
   9.4100000e+02   1.1814906e+01   1.0000000e+00   1.1221687e+01
   9.4200000e+02   1.1933491e+01   1.0000000e+00   1.1200449e+01
   9.4300000e+02   1.1993013e+01   1.0000000e+00   1.1179543e+01
   9.4400000e+02   1.1991654e+01   1.0000000e+00   1.1159644e+01
   9.4500000e+02   1.1929457e+01   1.0000000e+00   1.1141454e+01
   9.4600000e+02   1.1808321e+01   1.0000000e+00   1.1125704e+01
   9.4700000e+02   1.1631946e+01   1.0000000e+00   1.1113028e+01
   9.4800000e+02   1.1405721e+01   1.0000000e+00   1.1104006e+01
   9.4900000e+02   1.1136554e+01   1.0000000e+00   1.1098984e+01
   9.5000000e+02   1.0832670e+01   1.0000000e+00   1.1099615e+01
   9.5100000e+02   1.0503350e+01   1.0000000e+00   1.1102542e+01
   9.5200000e+02   1.0158654e+01   0.0000000e+00   1.0945597e+01
   9.5300000e+02   9.8091123e+00   0.0000000e+00   1.0723799e+01
   9.5400000e+02   9.4654012e+00   0.0000000e+00   1.0333582e+01
   9.5500000e+02   9.1380205e+00   0.0000000e+00   6.4218231e+00
   9.5600000e+02   8.8369705e+00   0.0000000e+00   5.6957494e+00
   9.5700000e+02   8.5714476e+00   0.0000000e+00   5.4282067e+00
   9.5800000e+02   8.3495625e+00   0.0000000e+00   5.2561628e+00
   9.5900000e+02   8.1780932e+00   0.0000000e+00   5.1285118e+00
   9.6000000e+02   8.0622776e+00   0.0000000e+00   5.0253343e+00
   9.6100000e+02   8.0056534e+00   0.0000000e+00   4.9378288e+00
   9.6200000e+02   8.0099504e+00   0.0000000e+00   4.8603326e+00
   9.6300000e+02   8.0750372e+00   0.0000000e+00   4.7902203e+00
   9.6400000e+02   8.1989258e+00   0.0000000e+00   4.7251403e+00
   9.6500000e+02   8.3778316e+00   0.0000000e+00   4.6639318e+00
   9.6600000e+02   8.6062897e+00   0.0000000e+00   4.6055365e+00
   9.6700000e+02   8.8773213e+00   0.0000000e+00   4.5492973e+00
   9.6800000e+02   9.1826473e+00   0.0000000e+00   4.4948190e+00
   9.6900000e+02   9.5129409e+00   0.0000000e+00   4.4416898e+00
   9.7000000e+02   9.8581127e+00   0.0000000e+00   4.3898473e+00
   9.7100000e+02   1.0207619e+01   0.0000000e+00   4.3391235e+00
   9.7200000e+02   1.0550783e+01   0.0000000e+00   4.2896464e+00
   9.7300000e+02   1.0877122e+01   0.0000000e+00   4.2414655e+00
   9.7400000e+02   1.1176668e+01   0.0000000e+00   4.1947839e+00
   9.7500000e+02   1.1440270e+01   0.0000000e+00   4.1498325e+00
   9.7600000e+02   1.1659876e+01   0.0000000e+00   4.1068166e+00
   9.7700000e+02   1.1828779e+01   0.0000000e+00   4.0660372e+00
   9.7800000e+02   1.1941817e+01   0.0000000e+00   4.0276364e+00
   9.7900000e+02   1.1995539e+01   0.0000000e+00   3.9918788e+00
   9.8000000e+02   1.1988304e+01   0.0000000e+00   3.9587940e+00
   9.8100000e+02   1.1920332e+01   0.0000000e+00   3.9285171e+00
   9.8200000e+02   1.1793700e+01   0.0000000e+00   3.9009615e+00
   9.8300000e+02   1.1612276e+01   0.0000000e+00   3.8761052e+00
   9.8400000e+02   1.1381602e+01   0.0000000e+00   3.8537819e+00
   9.8500000e+02   1.1108724e+01   0.0000000e+00   3.8338444e+00
   9.8600000e+02   1.0801978e+01   0.0000000e+00   3.8160991e+00
   9.8700000e+02   1.0470734e+01   0.0000000e+00   3.8003297e+00
   9.8800000e+02   1.0125110e+01   0.0000000e+00   3.7863536e+00
   9.8900000e+02   9.7756650e+00   0.0000000e+00   3.7739362e+00
   9.9000000e+02   9.4330726e+00   0.0000000e+00   3.7629244e+00
   9.9100000e+02   9.1077980e+00   0.0000000e+00   3.7530978e+00
   9.9200000e+02   8.8097775e+00   0.0000000e+00   3.7443366e+00
   9.9300000e+02   8.5481147e+00   0.0000000e+00   3.7364506e+00
   9.9400000e+02   8.3308024e+00   0.0000000e+00   3.7293502e+00
   9.9500000e+02   8.1644790e+00   0.0000000e+00   3.7228805e+00
   9.9600000e+02   8.0542251e+00   0.0000000e+00   3.7169781e+00
   9.9700000e+02   8.0034087e+00   0.0000000e+00   3.7115221e+00
   9.9800000e+02   8.0135820e+00   0.0000000e+00   3.7064725e+00
   9.9900000e+02   8.0844342e+00   0.0000000e+00   3.7017392e+00