   1.00000000000000      -0.139840536220307      -0.139840536220307     
   2.00000000000000       -2.04477184234243       -2.06067828393859     
   3.00000000000000        4.13067912668610        4.08328114415209     
   4.00000000000000        3.11227863431465        3.01812535375555     
   5.00000000000000       -1.96201131900648       -2.11786231242341     
   6.00000000000000       0.615874289546873       0.383704510693815     
   7.00000000000000        2.51150184639097        2.18871355177796     
   8.00000000000000        4.22484296067852        3.79745776223621     
   9.00000000000000        2.09871644569066        1.55307729760417     
   10.0000000000000       -3.84497071658255       -4.52219951787365     
   11.0000000000000       0.452367619673197      -0.369465196128458     
   12.0000000000000        6.88192427411055        5.90279442474685     
   13.0000000000000        3.22523012424797        2.07643156452522     
   14.0000000000000        2.08629314316674       0.755775538542399     
   15.0000000000000        2.37979711278933       0.855831470975318     
   16.0000000000000        3.29087842180137        1.56205709276407     
   17.0000000000000       -4.00942597407422       -5.95418929811395     
   18.0000000000000        8.00808262351892        5.83661233895208     
   19.0000000000000        2.81420590630889       0.405585037944746     
   20.0000000000000        7.86789040359848        5.21199667042128     
   21.0000000000000        7.64728694371370        4.73431940696218     
   22.0000000000000        10.9617456661779        7.78222472934528     
   23.0000000000000        8.61906643160852        5.16383384044243     
   24.0000000000000        9.29808121981432        5.55830006231690     
   25.0000000000000        6.35551414576863        2.32266885219648     
   26.0000000000000        16.8383755561838        12.5042718990480     
   27.0000000000000        19.4586380631156        14.8154031571816     
   28.0000000000000        13.7583515322657        8.79843383455362     
   29.0000000000000        14.0139127842558        8.73008209404007     
   30.0000000000000        16.8787682082707        11.2641156670803     
   31.0000000000000        15.8038733984404        9.85181149005869     
   32.0000000000000        6.63844777395905       0.342710324423946     
   33.0000000000000        16.7393832950132        10.0940254726171     
   34.0000000000000        22.4435529350324        15.4429512503219     
   35.0000000000000        19.1126112685271        11.7514635743037     
   36.0000000000000        15.2312921497800        7.50461764109930     
   37.0000000000000        18.3340015504983        10.2371407646706     
   38.0000000000000        24.2113506231694        15.7399654397593     
   39.0000000000000        23.4589844220536        14.6090580628804     
   40.0000000000000        21.8682558276216        12.6360928567589     
   41.0000000000000        23.8311620313445        14.2133883551202     
   42.0000000000000        22.3909330346134        12.3844959016103     
   43.0000000000000        21.6582678977304        11.2604358987853     
   44.0000000000000        19.6895074606659        8.89787052887038     
   45.0000000000000        31.6275170104320        20.4399864211321     
   46.0000000000000        29.4472476728282        17.8620560436242     
   47.0000000000000        32.3763149174163        20.3920162081632     
   48.0000000000000        33.0839497736274        20.6994192864345     
   49.0000000000000        33.5594596083206        20.7738939875518     
   50.0000000000000        31.4724699425763        18.2853871748499     
   51.0000000000000        43.9598438105109        30.3710832246996     
   52.0000000000000        40.8751041733742        26.8848264406052     
   53.0000000000000        41.9649494333083        27.5736365669634     
   54.0000000000000        39.1450243875778        24.3534797432932     
   55.0000000000000        42.3244475037319        27.1337957793981     
   56.0000000000000        44.1248259734826        28.5365132092447     
   57.0000000000000        38.6823184482068        22.6981120264645     
   58.0000000000000        40.4634972821823        24.0854859275896     
   59.0000000000000        41.2527512086678        24.4833449881332     
   60.0000000000000        46.6088798159482        29.4508101386347     
   61.0000000000000        45.5886257911431        28.0449454084681     
   62.0000000000000        48.7199420252172        30.7940250308526     
   63.0000000000000        48.9338364226784        30.6293782525506     
   64.0000000000000        55.4325310724586        36.7535485047485     
   65.0000000000000        59.4913646481937        40.4421958033366     
   66.0000000000000        54.5166744685211        35.1019788092067     
   67.0000000000000        54.7162411401042        34.9409994712768     
   68.0000000000000        52.4624504135822        32.3319648824406     
   69.0000000000000        51.9446878575685        31.4645819535658     
   70.0000000000000        49.0664264669249        28.2426450217688     
   71.0000000000000        57.6066716240090        36.4454808116616     
   72.0000000000000        59.6105170395669        38.1185043762448     
   73.0000000000000        54.2610951520494        32.4451694962237     
   74.0000000000000        54.8923520059911        32.7597435583872     
   75.0000000000000        60.2100147625063        37.7682750661043     
   76.0000000000000        60.6387558220043        37.8957577620386     
   77.0000000000000        62.1311374904481        39.0950752944078     
   78.0000000000000        61.4293327387643        38.1087219763927     
   79.0000000000000        62.2771306579698        38.6808082412647     
   80.0000000000000        62.2864327126521        38.4235568958658     
   81.0000000000000        68.8370347892825        44.7170851689219     
   82.0000000000000        64.9952311319914        40.6280086468177     
   83.0000000000000        68.0207135616117        43.4163404926408     
   84.0000000000000        60.5876467805527        35.7565667510547     
   85.0000000000000        74.8126077426598        49.7655857181593     
   86.0000000000000        69.9852675424599        44.7333898307362     
   87.0000000000000        71.1773998271981        45.7320740782847     
   88.0000000000000        68.6073280255767        42.9802832317616     
   89.0000000000000        63.3334539686773        37.5367404645032     
   90.0000000000000        72.7983590202978        46.8443484825616     
   91.0000000000000        71.6115050510465        45.5128904987999     
   92.0000000000000        69.5024279813255        43.2722237758742     
   93.0000000000000        67.3328524814114        40.9843943263160     
   94.0000000000000        73.3102755461808        46.8572204872560     
   95.0000000000000        73.1374415040004        46.5937679293157     
   96.0000000000000        64.0199632767483        37.3999709166275     
   97.0000000000000        73.6285779253254        46.9468878523467     
   98.0000000000000        72.7732139334459        46.0447685624421     
   99.0000000000000        68.1995644149776        41.4396275030360     
   100.000000000000        71.5757033595941        44.7998600060563     
